03614
04625
04633
04636
04638
05633
06646
07432
07434
07436
07437
07441
07442
07446
07447
07448
09690
09691
09693
09695
10025
10230
10240
10241
10242
10243
10244
10245
10247
10248
10251
10252
11676
12505
12507
13601
13602
13603
13604
13694
13697
13698
13701
13997
14022
14024
14025
14151
14696
14699
14700
14724
14727
14728
14729
14730
14732
14733
14734
15242
15243
15246
15248
15249
15252
15255
15256
15257
15258
15300
15310
16716
16719
17713
17720
17725
17728
20211
21451
21454
22742
22744
22746
23754
23758
23764
23769
24510
24528
24531
26011
26779
26785
27550
27554
27555
28783
29794
29800
29802
30002
30031
30177
30178
30195
31815
31817
31818
31819
31822
32821
32823
32826
33031
33033
33137
33144
33149
33155
33157
33158
33164
33165
33199
33201
33601
33602
34277
34279
34284
34294
34295
34305
34310
34311
34312
34315
35823
35824
36001
36035
36036
36150
36151
36152
36153
36155
36175
36181
36197
36201
36203
36204
36207
36208
36220
36306
39252
39271
40833
40836
40844
40848
40849
40850
40852
40853
40990
40999
41539
41541
42037
42098
42101
42369
42370
42381
42390
42394
42395
42399
42401
42402
42404
42408
42409
43380
43381
43383
43385
43389
43393
44200
44858
45555
45566
45567
47861
47873
47875
48879
48880
48881
48884
49886
49891
49895
49898
49899
50568
50573
51898
51899
52903
52910
53915
54000
54009
54036
54568
55930
56172
56434
56435
56436
56437
56450
57570
57577
57582
60337
60341
60342
60344
60347
60349
60351
70032
70042
70043
70044
70045
70046
70060
70072
70073
70074
70075
70087
70088
70090
70091
70110
70111
70112
70185
70301
70591
80114
80117
80128
80132
80133
80135
80136
80140
80142
80143
80198
80201
90306