0
884
1069
1075
762
1003
1238
823
13
1050
155
748
25
821
1054
29
24
125
1049
827
93
1015
1233
1234
1070
221
219
818
847
825
229
231
820
1034
955
1040
737
736
738
243
134
819
88
831
241
240
82
109
225
1027
896
746
73
198
1239
67
64
1005
68
69
989
880
10
828
1112
1071
193
1053
188
187
756
1022
903
824
183
1010
63
1
46
751
192
1120
161
154
165
812
1030
815
743
1073
1025
1067
1122
1046
45
228
1237
1033
213
212
210
207
1019
1068
126
915
747
867
863
862
1065
878
947
1113
96
34
3
91
886
1240
85
1056
43
842
901
137
127
129
107
110
1271
123
121
1121
131
1052
15
119
114
1032
882
1021
949
873
953
167
927
89
1026
99
1119
839
81
40
1043
956
104
866
836
307
1064
130
18
19
1114
138
1264
897
4
742
1051
223
928
837
749
174
116
1066
97
204
5
921
817
822
1031
133
11
180
1062
922
1244
1272
923
256
257
799
904
61
113
960
912
1232
86
92
90
1057
1242
164
1236
58
894
1241
1055
239
235
103
826
230
745
9
798
740
810
122
151
215
153
761
1267
12
1074
1000
1265
758
146
1006
1008
1007
145
838
879
877
53
1012
1011
1268
987
1014
1013
967
22
902
895
937
759
1072
834
62
1076
875
159
7
985