1
2
3
4
8
9
11
12
13
15
17
19
21
23
26
28
31
35
36
37
38
41
43
44
45
47
49
52
53
56
58
59
60
61
63
64
66
69
70
71
72
73
75
76
77
78
79
80
82
83
84
85
87
88
96
98
104
105
114
119
123
131
136
140
145
148
167
168
169
171
199
243
301
303
304
310
311
312
313
314
316
319
320
323
326
402
404
405
406
408
409
410
414
416
501
502
503
504
505
506
551
552
553
554
556
557
558
559
560
561
562
563
570
571
572
601
609
614
615
616
617
618
620
621
622
623
624
625
626
633
640
643
660
664
669
670
671
673
676
677
678
684
685
690
693
695
696
697
698
699
1006
1007
1008
1009
1010
1012
1013
1014
1015
1016
1017
1018
1019
1020
1021
1022
1023
1024
1025
1028
1029
1031
1032
1034
1035
1036
1037
1038
1044
1045
1046
1047
1049
1051
1052
1053
1054
1062
1063
1064
1065
1066
1067
1068
1069
1070
1071
1072
1073
1075
1076
1077
1078
1079
1080
1081
1083
1500
1501
1502
1503
1504
1505
1506
1507
1508
1509
1602
1603
1604
1605
1606
1607
1628
1675
5002
5003
5004
5005
5006
5007
5008
5009
5010
5011
5012
5013
5014
5015
5016
5017
5018
6602